1
2
3
4
5
6
7
8
9
10
11
12
12113
11849
11627
11423
11405
18
11459
11309
21
12203
23
24
25
26
27
28
29
30
31
32
33
34
35
36
37
38
39
40
41
42
43
44
45
46
47
48
49
50
51
52
53
54
55
56
57
58
59
60
61
62
63
64
65
66
67
68
69
70
71
72
73
74
75
76
77
78
79
80
81
82
83
84
85
86
87
88
89
90
91
92
93
94
95
96
97
98
99
100
101
102
103
104
105
106
107
108
109
110
111
112
113
114
115
116
117
118
119
120
121
122
123
124
125
126
127
128
129
130
131
132
133
134
135
136
137
138
139
15957
141
142
143
144
145
146
147
148
149
150
151
152
153
154
155
156
157
158
159
160
161
162
163
164
165
166
167
168
169
170
171
172
173
174
175
176
177
178
179
180
181
182
183
184
185
186
187
188
189
190
191
192
193
194
195
196
197
198
199
200
201
202
203
204
205
206
207
208
209
210
211
212
213
214
215
216
217
218
219
220
221
222
223
224
5362
5440
5446
5470
5476
5500
5506
5536
5542
10027
16088
10063
10069
10099
10141
10147
16094
10171
10219
10225
16118
12503
12515
12563
12641
12683
12749
12761
12809
12821
12827
12905
12917
12970
13024
13084
13168
13180
13377
13389
13395
13401
13413
13485
13491
13497
13676
13698
13704
13710
13758
5590
5626
6528
5602
225
5674
5662
226
227
228
5656
5698
5788
5650
8340
5416
5692
5734
5746
5764
229
8412
5422
230
231
232
233
234
235
236
237
238
11537
239
11315
11609
12425
11933
241
242
243
11471
11495
11525
244
11543
11879
245
11675
246
247
248
249
11723
11747
11789
250
11795
11843
251
11927
252
253
254
255
11975
11999
11015
12035
256
257
12209
11033
12197
12143
12245
10705
10747
10801
258
11381
11897
11009
10991
10717
9625
10447
10735
10741
10759
9847
10771
10783
10789
10795
10813
10819
10825
10847
10853
6456
10441
10883
10889
10907
10913
10093
6540
10937
10955
10967
5428
6534
8526
10663
11333
10597
8532
12239
9157
9649
9805
9685
9697
9709
9721
9745
9751
9775
9799
9703
9637
5434
9733
9739
8538
8544
6552
9793
259
11075
11039
11045
11051
11057
11063
11069
11129
11159
11189
11213
11087
11099
11111
11123
11153
11183
11219
9829
9835
9079
8346
8382
8989
9139
8430
8959
9241
260
6468
6504
6786
6558
6804
6876
6822
6840
7002
15300
15252
15464
15288
15384
15366
15348
15066
9859
9865
9937
9913
9949
16052
16082
10015
10021
10033
16100
10165
10105
261
9883
10123
262
10261
10177
9943
9955
10237
263
9931
264
10255
10267
10273
5356
16148
5452
5272
5482
5296
5512
5320
5278
265
5548
5344
5350
266
5578
5302
5326
5530
5566
10501
10291
10309
10519
10561
10327
10603
16214
10621
10387
10363
11021
10639
10645
10651
10657
11003
10669
10675
10681
10687
10699
10693
10297
10315
10333
10369
13509
13527
13539
13557
13569
13580
13592
13604
13616
13722
16226
13371
13419
13640
13425
13383
13431
13664
13782
16232
13734
13437
13473
13449
13740
13455
13764
13461
16238
13407
13503
16250
12857
13114
12593
12443
12449
12455
12461
12527
12479
12491
12539
12545
16256
12569
12581
12587
12599
12611
12952
12958
16274
12976
12982
13000
13012
13060
13048
13066
13090
13096
13108
13126
13138
12671
12677
16292
12695
12701
12719
12785
12725
12737
12797
12773
12803
12833
12845
12851
12863
12875
13251
13245
13215
13263
13275
13329
13221
13257
13353
13359
13365
16316
12647
12575
12665
16328
16334
16340
13102
13150
13198
16346
16352
16358
12839
12887
12935
16364
9469
7122
7230
7572
7734
7956
8160
8460
8226
7176
9283
8965
9385
8280
9307
9337
5368
9415
9445
7146
7254
7284
7596
7626
7758
7788
7980
8028
8136
8250
8845
5392
10417
13788
13956
14124
14262
14370
14448
14586
14724
13872
14040
14178
14316
14424
14532
14670
14964
14994
13980
14148
14286
14394
14472
13812
14610
14748
16058
16124
16178
7926
9019
9470
7339
7681
7392
7482
8383
7843
7896
8083
8161
8461
8304
7177
8713
8966
9604
7044
9308
9338
5369
9362
9446
7201
7255
7285
7404
7422
7494
7512
7597
7627
7759
7789
7908
7981
8029
8137
9242
8846
6096
5922
6018
6174
6366
6270
6408
6823
6841
6222
6396
6318
6438
5970
7020
6702
5393
6600
5934
6030
6108
6186
6282
6378
13789
13957
14125
14263
14371
14449
15067
14809
13873
14041
14179
14317
14425
14533
15367
15349
14671
14965
14892
15319
14149
15415
15492
14473
13813
14611
14749
16127
7058
16179
9471
7124
7232
7574
7736
7958
8162
8462
8228
7178
9285
8967
9387
8282
9309
9339
5370
9417
9447
7148
7256
7286
7598
7628
7760
7790
7982
8030
8138
8252
8847
5394
10419
13790
13958
14126
14264
14372
14450
14588
14726
13874
14042
14180
14318
14426
14534
14672
14966
14996
13982
14150
14288
14396
14474
13814
14612
14750
16060
16126
16180
7927
9020
9472
7341
7683
7393
7483
8384
7845
7897
8085
8163
8463
8306
7179
8714
8968
9386
7045
9310
9340
5371
9364
9448
7203
7257
7287
7405
7423
7495
7513
7599
7629
7761
7791
7909
7983
8031
8139
9259
8848
6097
5923
6019
6175
6367
6271
6409
6894
6906
6223
6397
6319
6439
5971
7021
6703
5395
6601
5935
6031
6109
6187
6283
6379
13791
13959
14127
14265
14373
14451
15068
14811
13875
14043
14181
14319
14427
14535
15480
15690
14673
13078
14893
15321
14151
15417
15387
14475
13815
14613
14751
16059
16125
10483
267
6726
269
6738
6750
6762
273
274
275
276
277
6775
14928
280
281
15030
15096
284
285
286
6727
288
6739
6751
6763
7056
293
294
295
296
297
14929
299
300
15031
15216
303
304
8767
8791
9553
9577
8768
8792
9554
9578
14940
14952
15042
15054
15174
15186
15702
15714
8769
8793
9555
9579
8770
8794
9556
9580
14941
14953
15043
15055
15175
15187
15703
15715
11351
11465
11585
11717
11837
11969
305
306
307
308
309
310
311
312
313
314
315
316
317
318
319
320
321
322
323
324
325
326
327
328
329
330
331
332
333
334
335
336
337
338
339
340
341
342
343
344
345
346
347
348
349
11327
351
352
353
354
355
356
11555
358
359
360
361
362
363
364
11807
366
367
368
369
370
371
15114
9967
9361
10393
6636
6648
6612
6660
6624
6672
15115
15018
14916
14904
9968
6714
10394
15116
9969
9363
10395
6637
6649
6613
6661
6625
6673
15117
15019
14917
14905
9970
6715
10396
15740
11321
11501
15758
11549
11753
15776
11801
12005
8514
9163
6522
6918
7074
6684
10195
10075
10039
10153
7008
10453
10525
10345
10609
13628
13752
16244
12467
12557
12551
12964
13036
13072
12689
12815
12929
13233
12617
12629
12659
13144
13156
13192
12881
12893
16298
372
373
374
375
376
377
378
379
380
381
382
383
384
6774
8520
387
10081
389
10159
10213
10537
10729
394
10459
10465
10543
10615
399
16208
10591
10877
403
16262
405
406
407
408
409
14997
16280
412
413
414
9991
416
417
418
419
9416
421
9992
423
424
9993
426
427
428
429
9418
431
9994
433
434
435
436
10477
6546
7104
6696
6690
6948
9769
9001
9763
8550
9265
10087
449
450
10489
10207
10201
454
455
456
457
458
459
460
10549
16181
10925
10495
465
466
10979
468
10555
470
10585
472
473
12623
12635
476
477
478
479
12899
12941
482
483
13162
13204
486
13239
488
489
490
491
492
493
11579
495
496
12149
498
499
500
501
502
12179
12191
505
506
507
508
11375
10831
11339
11243
12137
514
12114
11850
11628
11424
11406
520
11460
11310
523
12204
525
526
527
528
529
530
531
532
533
534
535
536
537
538
539
540
541
542
543
544
545
546
547
548
549
550
551
552
553
554
555
556
557
558
559
560
561
562
563
564
565
566
567
568
569
570
571
572
573
574
575
576
577
578
579
580
581
582
583
584
585
586
587
588
589
590
591
592
593
594
595
596
597
598
599
600
601
602
603
604
605
606
607
608
609
610
611
612
613
614
615
616
617
618
619
620
621
622
623
624
625
626
627
628
629
630
631
632
633
634
635
636
637
638
639
640
641
642
643
9606
645
646
647
648
649
650
651
652
653
654
9608
656
657
658
659
660
661
662
663
664
665
666
667
668
669
670
671
672
673
674
675
676
677
678
679
680
681
682
683
684
685
686
687
688
689
690
691
692
693
694
695
696
697
698
699
700
701
702
703
704
705
706
707
708
709
710
711
712
713
714
715
716
717
718
719
720
721
722
723
724
5363
5441
5447
5471
5477
5501
5507
5537
5543
10028
16089
10064
10070
10100
10142
10148
16095
10172
10220
10226
16119
12684
12971
13378
13390
13396
13402
13414
13486
13492
13498
13678
13688
13699
13705
13712
13759
5591
5628
6529
5603
725
5675
5663
726
727
728
5657
5699
5789
5651
8341
5417
5693
5736
5747
5766
729
8415
5423
730
731
732
733
734
735
736
737
738
11538
739
11316
11610
12426
11934
741
742
743
11472
11496
11526
744
11544
11880
745
11676
746
747
748
749
11724
11748
11790
750
11796
11844
751
11928
752
753
754
755
11976
12000
11016
12036
756
757
12210
11034
12198
12144
12247
10706
10748
10802
758
11382
11898
11010
10992
10718
9626
10448
10736
10742
10760
9848
10772
10784
10790
10796
10814
10820
10826
10848
10854
6457
10442
10884
10890
10908
10914
10094
6541
10938
10956
10968
5429
6535
8527
10664
11334
10598
8533
12240
9158
9651
9807
9687
9698
9710
9722
9746
9752
9776
9800
9704
9639
5435
9734
9740
8539
8545
6553
9794
759
11076
11040
11046
11052
11058
11064
11070
11130
11160
11190
11214
11088
11100
11112
11124
11154
11184
11220
9830
9837
9084
8349
8387
8990
9142
8435
8960
9244
760
6471
6507
6789
6559
6807
6879
6825
6843
7003
15303
15253
15467
15289
15389
15369
15351
15071
9860
9866
9938
9914
9950
16053
16083
10016
10022
10034
16101
10166
10107
761
9884
10125
762
10262
10179
9944
9956
10239
763
9932
764
10256
10268
10274
5357
16149
5454
5273
5484
5297
5514
5321
5279
765
5550
5345
5351
766
5579
5303
5327
5531
5567
10503
10292
10310
10520
10563
10328
10604
16215
10623
10388
10364
11022
10640
10646
10652
10658
11004
10670
10676
10682
10688
10700
10694
10299
10317
10335
10371
13510
13528
13540
13558
13570
13575
13581
13593
13605
13617
13724
16227
13372
13420
13642
13426
13384
13432
13666
13783
16233
13735
13438
13475
13450
13742
13456
13765
13462
16239
13408
13504
16251
12858
13115
12594
12444
12450
12456
12462
12529
12481
12493
12540
12546
12564
12570
12582
12588
12601
12612
12953
12959
13026
12977
12983
13002
13014
13061
13050
13067
13091
13097
13109
13128
13139
12672
12678
12751
12696
12702
12720
12787
12727
12739
12798
12775
12804
12834
12846
12852
12865
12876
13252
13246
13216
13264
13276
13330
13222
13258
13354
13360
13366
12642
12649
12576
12666
16329
13170
13182
13103
13151
13199
16347
12907
12919
12840
12888
12936
16365
9474
7126
7234
7576
7738
7960
8164
8465
8230
7180
8682
8969
9390
8284
9312
9341
5372
9420
9449
7151
7259
7288
7601
7630
7763
7792
7985
8032
8140
8255
8850
5396
10421
13792
13960
14128
14266
14374
14452
14590
14728
13876
14044
14182
14320
14428
14536
14674
14969
14998
13985
14153
14291
14399
14477
13817
14615
14753
16062
16128
16182
7928
9022
9475
7343
7685
7394
7484
15789
7847
7898
8087
8165
8466
8309
7181
8683
8970
9607
7046
9313
9342
5373
9366
9450
7206
7260
7289
7407
7424
7497
7514
7602
7631
7764
7793
7911
7986
8033
8141
9245
8851
6098
5924
6020
6176
6368
6272
6410
6826
6844
6224
6398
6320
6441
5972
7022
6704
5397
6602
5937
6033
6111
6189
6285
6381
13793
13961
14129
14267
14375
14453
15072
14813
13877
14045
14183
14321
14429
14537
15370
15352
14675
12816
14894
15324
14154
15420
15493
14478
13818
14616
14754
9962
16131
16183
9476
7128
7236
7578
7740
7962
8166
8467
8232
7182
8684
8971
9392
8286
9314
9343
5374
9422
9451
7153
7261
7290
7603
7632
7765
7794
7987
8034
8142
8257
8852
5398
10423
13794
13962
14130
14268
14376
14454
14592
14730
13878
14046
14184
14322
14430
14538
14676
14970
15000
13987
14155
14293
14401
14479
13819
14617
14755
16064
16130
16184
7929
9023
9477
7345
7687
7395
7485
8389
7849
7899
8089
8167
8468
8311
7183
8685
8972
9391
7047
9315
9344
5375
9368
9452
7208
7262
7291
7408
7425
7498
7515
7604
7633
7766
7795
7912
7988
8035
8143
9260
8853
6099
5925
6021
6177
6369
6273
6411
6895
6907
6225
6399
6321
6442
5973
7023
6705
5399
6603
5938
6034
6112
6190
6286
6382
13795
13963
14131
14269
14377
14455
15073
14815
13879
14047
14185
14323
14431
14539
15481
15691
14677
12517
14895
15326
14156
15422
15392
14480
13820
14618
14756
16063
16129
10484
767
6728
769
6740
6752
6764
773
774
775
776
777
6777
14930
780
781
15032
15099
784
16065
786
6729
788
6741
6753
6765
7059
793
794
795
796
797
14931
799
800
15033
15217
803
804
8771
8795
9557
9581
8772
8796
9558
9582
14942
14954
15044
15056
15176
15188
15704
15716
8773
8797
9559
9583
8774
8798
9560
9584
14943
14955
15045
15057
15177
15189
15705
15717
11352
11466
11586
11718
11838
11970
805
806
807
808
809
810
811
812
813
814
815
816
817
818
819
820
821
822
823
824
825
826
827
828
829
830
831
832
833
834
835
836
837
838
839
840
841
842
843
844
845
846
847
848
849
11328
851
852
853
854
855
856
11556
858
859
860
861
862
863
864
11808
866
867
868
869
870
871
15118
9971
9365
10397
6638
6650
6614
6662
6626
6674
15119
15020
14918
14906
9972
6716
10398
15120
9973
9367
10399
6639
6651
6615
6663
6627
6675
15121
15021
14919
14907
9974
6717
10400
15741
11322
11502
15759
11550
11754
15777
11802
12006
8515
9164
6523
6919
7075
6685
10196
10076
10040
10154
7009
10454
10527
10346
10610
13630
13753
16245
12468
12505
12552
12965
13038
13073
12690
12763
12810
13234
12618
12630
12660
13145
13157
13193
12882
12894
12930
872
873
874
875
876
877
878
879
880
881
882
883
884
6776
8521
887
10082
889
10160
10214
10538
10730
10926
10460
10467
10616
898
16209
10592
10878
902
903
15001
16263
906
907
908
909
14971
12828
912
16299
914
915
916
917
918
13079
16281
921
922
923
924
925
9995
927
928
929
930
9421
932
9996
934
935
9997
937
938
939
940
9423
942
9998
944
945
946
947
10478
6547
7105
6697
6691
6949
9770
9002
9764
8551
9266
10088
960
961
10490
10208
10202
965
966
967
968
969
970
971
10980
16185
974
10496
10544
977
10550
979
10556
981
10586
983
984
985
986
16257
12624
12636
990
991
992
993
994
995
12822
997
12900
12943
1000
1001
1002
1003
1004
1005
13085
13163
13206
1009
13240
1011
1012
1013
1014
1015
1016
11580
1018
1019
12150
1021
1022
1023
1024
1025
12180
12192
1028
1029
1030
1031
11376
10832
11340
11244
12138
1037
12115
11851
11629
11425
11407
1043
11461
11311
1046
12205
1048
1049
1050
1051
1052
1053
1054
1055
1056
1057
1058
1059
1060
1061
1062
1063
1064
1065
1066
1067
1068
1069
1070
1071
1072
1073
1074
1075
1076
1077
1078
1079
1080
1081
1082
1083
1084
1085
1086
1087
1088
1089
1090
1091
1092
1093
1094
1095
1096
1097
1098
1099
1100
1101
1102
1103
1104
1105
1106
1107
1108
1109
1110
1111
1112
1113
1114
1115
1116
1117
1118
1119
1120
1121
1122
1123
1124
1125
1126
1127
1128
1129
1130
1131
1132
1133
1134
1135
1136
1137
1138
1139
1140
1141
1142
1143
1144
1145
1146
1147
1148
1149
1150
1151
1152
1153
1154
1155
1156
1157
1158
1159
1160
1161
1162
1163
1164
1165
1166
1167
1168
1169
1170
1171
1172
9610
1174
1175
1176
1177
1178
1179
1180
1181
1182
1183
9612
1185
1186
1187
1188
1189
1190
1191
1192
1193
1194
1195
1196
1197
1198
1199
1200
1201
1202
1203
1204
1205
1206
1207
1208
1209
1210
1211
1212
1213
1214
1215
1216
1217
1218
1219
1220
1221
1222
1223
1224
1225
1226
1227
1228
1229
1230
1231
1232
1233
1234
1235
1236
1237
1238
1239
1240
1241
1242
1243
1244
1245
1246
1247
1248
1249
1250
1251
1252
1253
5364
5442
5448
5472
5478
5502
5508
5538
5544
10029
16090
10065
10071
10101
10143
10149
16096
10173
10221
10227
16120
12685
12972
13379
13391
13397
13403
13415
13487
13493
13499
13680
13690
13700
13706
13714
13760
5592
5630
6530
5604
1254
5676
5822
5664
1255
1256
1257
5658
5700
5790
5652
8342
5418
5694
1258
1259
5806
5794
5866
5738
5890
5768
1260
8418
5424
1261
1262
1263
1264
1265
1266
1267
1268
1269
11539
1270
11317
11611
12427
11935
1272
1273
1274
11473
11497
11527
1275
11545
11881
1276
11677
1277
1278
1279
1280
11725
11749
11791
1281
11797
11845
1282
11929
1283
1284
1285
1286
11977
12001
11017
12037
1287
1288
12211
11035
12199
12145
12249
10707
10749
10803
1289
11383
11899
11011
10993
10719
9627
10449
10737
10743
10761
9849
10773
10785
10791
10797
10815
10821
10827
10849
10855
6458
10443
10885
10891
10909
10915
10095
6542
10939
10957
10969
5430
6536
8528
10665
11335
10599
8534
12241
9159
9653
9809
9689
9699
9711
9723
9747
9753
9777
9801
5914
9641
5436
9735
9741
8540
8546
6554
9795
1290
11077
11041
11047
11053
11059
11065
11071
11131
11161
11191
11215
11089
11101
11113
11125
11155
11185
11221
9831
9839
9089
8352
8392
8991
9145
8440
8961
9247
1291
6474
6510
6792
6560
6810
6882
6828
6846
7004
15306
15254
15470
15290
15394
15372
15354
15076
9861
9867
9939
9915
9951
16054
16084
10017
10023
10035
16102
10167
10109
1292
9885
10127
1293
10263
10181
9945
9957
10241
1294
9933
1295
10257
10269
10275
5358
16150
5456
5274
5486
5298
5516
5322
5280
1296
5552
5346
5352
1297
5580
5304
5328
5532
5568
10505
10293
10311
10521
10565
10329
10605
16216
10625
10389
10365
11023
10641
10647
10653
10659
11005
10671
10677
10683
10689
10701
10695
10301
10319
10337
10373
13511
13529
13541
13559
13571
13576
13582
13594
13606
13618
13726
16228
13373
13421
13644
13427
13385
13433
13668
13784
16234
13736
13439
13477
13451
13744
13457
13766
13463
16240
13409
13505
16252
12859
13116
12595
12445
12451
12457
12463
12531
12483
12495
12541
12547
12565
12571
12583
12589
12603
12613
12954
12960
13028
12978
12984
13004
13016
13062
13052
13068
13092
13098
13110
13130
13140
12673
12679
12753
12697
12703
12721
12789
12729
12741
12799
12777
12805
12835
12847
12853
12867
12877
13253
13247
13217
13265
13277
13331
13223
13259
13355
13361
13367
12643
12651
12577
12667
16330
13172
13184
13104
13152
13200
16348
12909
12921
12841
12889
12937
16366
9479
7130
7238
7580
7742
7964
8168
8470
8234
7184
8687
8973
9395
8288
9317
9345
5376
9425
9453
7156
7264
7292
7606
7634
7768
7796
7990
8036
8144
8260
8855
5400
10425
13796
13964
14132
14270
14378
14456
14594
14732
13880
14048
14186
14324
14432
14540
14678
14974
15002
13990
14158
14296
14404
14482
13822
14620
14758
16066
16132
16186
7930
9007
9480
7347
7689
7396
7486
15790
7851
7900
8091
8169
8471
8314
7185
8688
8974
9611
7048
9318
9346
5377
9370
9454
7211
7265
7293
7410
7426
7500
7516
7607
7635
7769
7797
7914
7991
8037
8145
9248
8856
6100
5926
6022
6178
6370
6274
6412
6829
6847
6226
6400
6322
6444
5974
7024
6706
5401
6604
5940
6036
6114
6192
6288
6384
13797
13965
14133
14271
14379
14457
15077
14817
13881
14049
14187
14325
14433
14541
15373
15355
14679
12817
14896
15329
14159
15425
15494
14483
13823
14621
14759
9963
16135
16187
9481
7132
7240
7582
7744
7966
8170
8472
8236
7186
8689
8975
9397
8290
9319
9347
5378
9427
9455
7158
7266
7294
7608
7636
7770
7798
7992
8038
8146
8262
8857
5402
10427
13798
13966
14134
14272
14380
14458
14596
14734
13882
14050
14188
14326
14434
14542
14680
14975
15004
13992
14160
14298
14406
14484
13824
14622
14760
16068
16134
16188
7931
9008
9482
7349
7691
7397
7487
8394
7853
7901
8093
8171
8473
8316
7187
8690
8976
9396
7049
9320
9348
5379
9372
9456
7213
7267
7295
7411
7427
7501
7517
7609
7637
7771
7799
7915
7993
8039
8147
9261
8858
6101
5927
6023
6179
6371
6275
6413
6896
6908
6227
6401
6323
6445
5975
7025
6707
5403
6605
5941
6037
6115
6193
6289
6385
13799
13967
14135
14273
14381
14459
15078
14819
13883
14051
14189
14327
14435
14543
15482
15692
14681
12519
14897
15331
14161
15427
15397
14485
13825
14623
14761
16067
16133
10485
1298
6730
1300
6742
6754
6766
1304
1305
1306
1307
1308
6779
14932
1311
1312
15034
15102
1315
16069
1317
6731
1319
6743
6755
6767
7062
1324
1325
1326
1327
1328
14933
1330
1331
15035
15218
1334
1335
8775
8799
9561
9585
8776
8800
9562
9586
14944
14956
15046
15058
15178
15190
15706
15718
8777
8801
9563
9587
8778
8802
9564
9588
14945
14957
15047
15059
15179
15191
15707
15719
5834
5838
5878
5882
5886
11353
11467
11587
11719
11839
11971
1336
1337
1338
1339
1340
1341
1342
1343
1344
1345
1346
1347
1348
1349
1350
1351
1352
1353
1354
1355
1356
1357
1358
1359
1360
1361
1362
1363
1364
1365
1366
1367
1368
1369
1370
1371
1372
1373
1374
1375
1376
1377
1378
1379
1380
11329
1382
1383
1384
1385
1386
1387
11557
1389
1390
1391
1392
1393
1394
1395
11809
1397
1398
1399
1400
1401
1402
15122
9975
9369
10401
6640
6652
6616
6664
6628
6676
15123
15022
14920
14908
9976
6718
10402
15124
9977
9371
10403
6641
6653
6617
6665
6629
6677
15125
15023
14921
14909
9978
6719
10404
15742
11323
11503
15760
11551
11755
15778
11803
12007
8516
9165
6524
6920
7076
6686
10197
10077
10041
10155
7010
10455
10529
10347
10611
13632
13754
16246
12469
12507
12553
12966
13040
13074
12691
12765
12811
13235
12619
12631
12661
13146
13158
13194
12883
12895
12931
1403
1404
1405
1406
1407
1408
1409
1410
1411
1412
1413
1414
1415
6778
8522
1418
10083
1420
10161
10215
10539
10731
10545
10461
10469
10879
10927
16210
10593
10617
1433
1434
15005
16264
1437
1438
1439
1440
14976
16300
1443
12829
1445
1446
1447
1448
1449
13080
16282
1452
1453
1454
1455
1456
9999
1458
1459
1460
1461
9426
1463
10000
1465
1466
10001
1468
1469
1470
1471
9428
1473
10002
1475
1476
1477
1478
10479
6548
7106
6698
6692
6950
9771
9003
9765
8552
9267
10089
1491
1492
10491
10209
10203
1496
1497
1498
1499
1500
1501
1502
10981
16189
1505
10497
10551
1508
10587
1510
10557
1512
1513
1514
1515
1516
1517
16258
12625
12637
1521
1522
1523
1524
1525
1526
12823
1528
12901
12945
1531
1532
1533
1534
1535
1536
13086
13164
13208
1540
13241
1542
1543
1544
1545
1546
1547
11581
1549
1550
15726
1552
1553
1554
1555
1556
12181
12193
1559
1560
1561
1562
11377
10833
11341
11245
12139
1568
12116
11852
11630
11426
11408
1574
11462
11312
1577
12206
1579
1580
1581
1582
1583
1584
1585
1586
1587
1588
1589
1590
1591
1592
1593
1594
1595
1596
1597
1598
1599
1600
1601
1602
1603
1604
1605
1606
1607
1608
1609
1610
1611
1612
1613
1614
1615
1616
1617
1618
1619
1620
1621
1622
1623
1624
1625
1626
1627
1628
1629
1630
1631
1632
1633
1634
1635
1636
1637
1638
1639
1640
1641
1642
1643
1644
1645
1646
1647
1648
1649
1650
1651
1652
1653
1654
1655
1656
1657
1658
1659
1660
1661
1662
1663
1664
1665
1666
1667
1668
1669
1670
1671
1672
1673
1674
1675
1676
1677
1678
1679
1680
1681
1682
1683
1684
1685
1686
1687
1688
1689
1690
1691
1692
1693
1694
1695
1696
1697
1698
1699
1700
1701
1702
1703
1704
1705
9614
1707
1708
1709
1710
1711
1712
1713
1714
1715
9616
1717
1718
1719
1720
1721
1722
1723
1724
1725
1726
1727
1728
1729
1730
1731
1732
1733
1734
1735
1736
1737
1738
1739
1740
1741
1742
1743
1744
1745
1746
1747
1748
1749
1750
1751
1752
1753
1754
1755
1756
1757
1758
1759
1760
1761
1762
1763
1764
1765
1766
1767
1768
1769
1770
1771
1772
1773
1774
1775
1776
1777
1778
1779
1780
1781
1782
1783
1784
5365
5443
5449
5473
5479
5503
5509
5539
5545
10030
16091
10066
10072
10102
10144
10150
16097
10174
10222
10228
16121
12686
12973
13380
13392
13398
13404
13416
13488
13494
13500
13682
13692
13701
13707
13716
13761
5593
5632
6531
5605
1785
5677
5825
5665
1786
1787
1788
5659
5701
5791
5653
8343
5419
5695
1789
1790
5809
5797
5869
5740
5893
5770
1791
8421
5425
1792
1793
1794
1795
1796
1797
1798
1799
1800
11540
1801
11318
11612
12428
11936
1803
1804
1805
11474
11498
11528
1806
11546
11882
1807
11678
1808
1809
1810
1811
11726
11750
11792
1812
11798
11846
1813
11930
1814
1815
1816
1817
11978
12002
11018
12038
1818
1819
12212
11036
12200
12146
12251
10708
10750
10804
1820
11384
11900
11012
10994
10720
9628
10450
10738
10744
10762
9850
10774
10786
10792
10798
10816
10822
10828
10850
10856
6459
10444
10886
10892
10910
10916
10096
6543
10940
10958
10970
5431
6537
8529
10666
11336
10600
8535
12242
9160
9655
9811
9691
9700
9712
9724
9748
9754
9778
9802
5916
9643
5437
9736
9742
8541
8547
6555
9796
1821
11078
11042
11048
11054
11060
11066
11072
11132
11162
11192
11216
11090
11102
11114
11126
11156
11186
11222
9832
9841
9094
8355
8397
8992
9148
8445
8962
9250
1822
6477
6513
6795
6561
6813
6885
6831
6849
7005
15309
15255
15473
15291
15399
15375
15357
15081
9862
9868
9940
9916
9952
16055
16085
10018
10024
10036
16103
10168
10111
1823
9886
10129
1824
10264
10183
9946
9958
10243
1825
9934
1826
10258
10270
10276
5359
16151
5458
5275
5488
5299
5518
5323
5281
1827
5554
5347
5353
1828
5581
5305
5329
5533
5569
10507
10294
10312
10522
10567
10330
10606
16217
10627
10390
10366
11024
10642
10648
10654
10660
11006
10672
10678
10684
10690
10702
10696
10303
10321
10339
10375
13512
13530
13542
13560
13572
13577
13583
13595
13607
13619
13728
16229
13374
13422
13646
13428
13386
13434
13670
13785
16235
13737
13440
13479
13452
13746
13458
13767
13464
16241
13410
13506
16253
12860
13117
12596
12446
12452
12458
12464
12533
12485
12497
12542
12548
12566
12572
12584
12590
12605
12614
12955
12961
13030
12979
12985
13006
13018
13063
13054
13069
13093
13099
13111
13132
13141
12674
12680
12755
12698
12704
12722
12791
12731
12743
12800
12779
12806
12836
12848
12854
12869
12878
13254
13248
13218
13266
13278
13332
13224
13260
13356
13362
13368
12644
12653
12578
12668
16331
13174
13186
13105
13153
13201
16349
12911
12923
12842
12890
12938
16367
9484
7134
7242
7584
7746
7968
8172
8475
8238
7188
8692
8977
9400
8292
9322
9349
5380
9430
9457
7161
7269
7296
7611
7638
7773
7800
7995
8040
8148
8265
8860
5404
10429
13800
13968
14136
14274
14382
14460
14598
14736
13884
14052
14190
14328
14436
14544
14682
14979
15006
13995
14163
14301
14409
14487
13827
14625
14763
16070
16136
16190
7932
9010
9485
7351
7693
7398
7488
15791
7855
7902
8095
8173
8476
8319
7189
8693
8978
9615
7050
9323
9350
5381
9374
9458
7216
7270
7297
7413
7428
7503
7518
7612
7639
7774
7801
7917
7996
8041
8149
9251
8861
6102
5928
6024
6180
6372
6276
6414
6832
6850
6228
6402
6324
6447
5976
7026
6708
5405
6606
5943
6039
6117
6195
6291
6387
13801
13969
14137
14275
14383
14461
15082
14821
13885
14053
14191
14329
14437
14545
15376
15358
14683
12818
14898
15334
14164
15430
15495
14488
13828
14626
14764
9964
16139
16191
9486
7136
7244
7586
7748
7970
8174
8477
8240
7190
8694
8979
9402
8294
9324
9351
5382
9432
9459
7163
7271
7298
7613
7640
7775
7802
7997
8042
8150
8267
8862
5406
10431
13802
13970
14138
14276
14384
14462
14600
14738
13886
14054
14192
14330
14438
14546
14684
14980
15008
13997
14165
14303
14411
14489
13829
14627
14765
16072
16138
16192
7933
9011
9487
7353
7695
7399
7489
8399
7857
7903
8097
8175
8478
8321
7191
8695
8980
9401
7051
9325
9352
5383
9376
9460
7218
7272
7299
7414
7429
7504
7519
7614
7641
7776
7803
7918
7998
8043
8151
9262
8863
6103
5929
6025
6181
6373
6277
6415
6897
6909
6229
6403
6325
6448
5977
7027
6709
5407
6607
5944
6040
6118
6196
6292
6388
13803
13971
14139
14277
14385
14463
15083
14823
13887
14055
14193
14331
14439
14547
15483
15693
14685
12521
14899
15336
14166
15432
15402
14490
13830
14628
14766
16071
16137
10486
1829
6732
1831
6744
6756
6768
1835
1836
1837
1838
1839
6781
14934
1842
1843
15036
15105
1846
16073
1848
6733
1850
6745
6757
6769
7065
1855
1856
1857
1858
1859
14935
1861
1862
15037
15219
1865
1866
8779
8803
9565
9589
8780
8804
9566
9590
14946
14958
15048
15060
15180
15192
15708
15720
8781
8805
9567
9591
8782
8806
9568
9592
14947
14959
15049
15061
15181
15193
15709
15721
5835
5839
5879
5883
5887
11354
11468
11588
11720
11840
11972
1867
1868
1869
1870
1871
1872
1873
1874
1875
1876
1877
1878
1879
1880
1881
1882
1883
1884
1885
1886
1887
1888
1889
1890
1891
1892
1893
1894
1895
1896
1897
1898
1899
1900
1901
1902
1903
1904
1905
1906
1907
1908
1909
1910
1911
11330
1913
1914
1915
1916
1917
1918
11558
1920
1921
1922
1923
1924
1925
1926
11810
1928
1929
1930
1931
1932
1933
15126
9979
9373
10405
6642
6654
6618
6666
6630
6678
15127
15024
14922
14910
9980
6720
10406
15128
9981
9375
10407
6643
6655
6619
6667
6631
6679
15129
15025
14923
14911
9982
6721
10408
15743
11324
11504
15761
11552
11756
15779
11804
12008
8517
9166
6525
6921
7077
6687
10198
10078
10042
10156
7011
10456
10531
10348
10612
13634
13755
16247
12470
12509
12554
12967
13042
13075
12692
12767
12812
13236
12620
12632
12662
13147
13159
13195
12884
12896
12932
1934
1935
1936
1937
1938
1939
1940
1941
1942
1943
1944
1945
1946
8523
1948
10084
1950
10162
10216
10732
10480
10462
10471
10540
10552
16211
10594
10618
1962
1963
15009
16265
1966
1967
1968
1969
14981
16301
1972
12830
1974
1975
16361
1977
1978
13081
16283
1981
1982
1983
1984
1985
10003
1987
1988
1989
9431
1991
10004
1993
10005
1995
1996
1997
9433
1999
10006
2001
2002
6780
10546
6549
7107
6699
6693
6951
9772
9004
9766
8553
9268
10090
2016
2017
10492
10210
10204
2021
2022
2023
2024
2025
2026
2027
10982
16193
10928
10498
10880
2033
10588
2035
10558
2037
2038
2039
2040
2041
2042
16259
12626
12638
2046
2047
2048
2049
2050
2051
12824
2053
13165
12947
2056
2057
2058
2059
2060
2061
13087
13272
13210
2065
13242
2067
2068
2069
2070
2071
2072
11582
2074
2075
15727
2077
2078
2079
2080
2081
12182
12194
2084
2085
2086
2087
11378
10834
11342
11246
12140
2093
12117
11853
11631
11427
11409
2099
11463
11313
2102
12207
2104
2105
2106
2107
2108
2109
2110
2111
2112
2113
2114
2115
2116
2117
2118
2119
2120
2121
2122
2123
2124
2125
2126
2127
2128
2129
2130
2131
2132
2133
2134
2135
2136
2137
2138
2139
2140
2141
2142
2143
2144
2145
2146
2147
2148
2149
2150
2151
2152
2153
2154
2155
2156
2157
2158
2159
2160
2161
2162
2163
2164
2165
2166
2167
2168
2169
2170
2171
2172
2173
2174
2175
2176
2177
2178
2179
2180
2181
2182
2183
2184
2185
2186
2187
2188
2189
2190
2191
2192
2193
2194
2195
2196
2197
2198
2199
2200
2201
2202
2203
2204
2205
2206
2207
2208
2209
2210
2211
2212
2213
2214
2215
2216
2217
2218
2219
2220
2221
2222
2223
2224
2225
2226
2227
2228
2229
2230
9618
2232
2233
2234
2235
2236
2237
2238
2239
2240
9620
2242
2243
2244
2245
2246
2247
2248
2249
2250
2251
2252
2253
2254
2255
2256
2257
2258
2259
2260
2261
2262
2263
2264
2265
2266
2267
2268
2269
2270
2271
2272
2273
2274
2275
2276
2277
2278
2279
2280
2281
2282
2283
2284
2285
2286
2287
2288
2289
2290
2291
2292
2293
2294
2295
2296
2297
2298
2299
2300
2301
2302
2303
2304
2305
2306
2307
5366
5444
5450
5474
5480
5504
5510
5540
5546
10031
16092
10067
10073
10103
10145
10151
16098
10175
10223
10229
16110
12687
12974
13381
13393
13399
13405
13417
13489
13495
13501
13684
13694
13702
13708
13718
13762
5594
5634
6532
5606
2308
5678
5828
5666
2309
2310
2311
5660
5702
5792
5654
8344
5420
5696
2312
2313
5812
5800
5872
5742
5896
5772
2314
8424
5426
2315
2316
2317
2318
2319
2320
2321
2322
2323
11541
2324
11319
11613
12429
11937
2326
2327
2328
11475
11499
11529
2329
11547
11883
2330
11679
2331
2332
2333
2334
11727
11751
11793
2335
11799
11847
2336
11931
2337
2338
2339
2340
11979
12003
11019
12039
2341
2342
12213
11037
12201
12147
12253
10709
10751
10805
2343
11385
11901
11013
10995
10721
9629
10451
10739
10745
10763
9851
10775
10787
10793
10799
10817
10823
10829
10851
10857
6460
10445
10887
10893
10911
10917
10097
6544
10941
10959
10971
5432
6538
8530
10667
11337
10601
8536
12243
9161
9657
9813
9693
9701
9713
9725
9749
9755
9779
9803
5918
9645
5438
9737
9743
8542
8548
6556
9797
2344
11079
11043
11049
11055
11061
11067
11073
11133
11163
11193
11217
11091
11103
11115
11127
11157
11187
11223
9833
9843
9099
8358
8402
8993
9151
8450
8963
9253
2345
6480
6516
6798
6562
6816
6888
6834
6852
7006
15312
15256
15476
15292
15404
15378
15360
15086
9863
9869
9941
9917
9953
16056
16086
10019
10025
10037
16104
10169
10113
2346
9887
10131
9959
10265
10185
9947
10235
10245
2347
9935
2348
10259
10271
10277
5360
16152
5460
5276
5490
5300
5520
5324
5282
2349
5556
5348
5354
2350
5582
5306
5330
5534
5570
10509
10295
10313
10523
10569
10331
10607
16218
10629
10391
10367
11025
10643
10649
10655
10661
11007
10673
10679
10685
10691
10703
10697
10305
10323
10341
10377
13513
13531
13543
13561
13573
13578
13584
13596
13608
13620
13730
16230
13375
13423
13648
13429
13387
13435
13672
13786
16236
13738
13441
13481
13453
13748
13459
13768
13465
16242
13411
13507
16254
12861
13118
12597
12447
12453
12459
12465
12535
12487
12499
12543
12549
12567
12573
12585
12591
12607
12615
12956
12962
13032
12980
12986
13008
13020
13064
13056
13070
13094
13100
13112
13134
13142
12675
12681
12757
12699
12705
12723
12793
12733
12745
12801
12781
12807
12837
12849
12855
12871
12879
13255
13249
13219
13267
13279
13333
13225
13261
13357
13363
13369
12645
12655
12579
12669
16332
13176
13188
13106
13154
13202
16350
12913
12925
12843
12891
12939
16368
9489
7138
7246
7588
7750
7972
8176
8480
8242
7192
8697
8981
9405
8296
9327
9353
5384
9435
9461
7166
7274
7300
7616
7642
7778
7804
8000
8044
8152
8270
8865
5408
10433
13804
13972
14140
14278
14386
14464
14602
14740
13888
14056
14194
14332
14440
14548
14686
14984
15010
14000
14168
14306
14414
14492
13832
14630
14768
16074
16140
16194
7934
9013
9490
7355
7697
7400
7490
8403
7859
7904
8099
8177
8481
8324
7193
8698
8982
9619
7052
9328
9354
5385
9378
9462
7221
7275
7301
7416
7430
7506
7520
7617
7643
7779
7805
7920
8001
8045
8153
9254
8866
6104
5930
6026
6182
6374
6278
6416
6835
6853
6230
6404
6326
6450
5978
7028
6710
5409
6608
5946
6042
6120
6198
6294
6390
13805
13973
14141
14279
14387
14465
15087
14825
13889
14057
14195
14333
14441
14549
15379
15361
14687
12819
14900
15339
14169
15435
15496
14493
13833
14631
14769
9965
16143
16195
9491
7140
7248
7590
7752
7974
8178
8482
8244
7194
8699
8983
9407
8298
9329
9355
5386
9437
9463
7168
7276
7302
7618
7644
7780
7806
8002
8046
8154
8272
8867
5410
10435
13806
13974
14142
14280
14388
14466
14604
14742
13890
14058
14196
14334
14442
14550
14688
14985
15012
14002
14170
14308
14416
14494
13834
14632
14770
16076
16142
16196
7935
9014
9492
7357
7699
7401
7491
8404
7861
7905
8101
8179
8483
8326
7195
8700
8984
9406
7053
9330
9356
5387
9380
9464
7223
7277
7303
7417
7431
7507
7521
7619
7645
7781
7807
7921
8003
8047
8155
9263
8868
6105
5931
6027
6183
6375
6279
6417
6898
6910
6231
6405
6327
6451
5979
7029
6711
5411
6609
5947
6043
6121
6199
6295
6391
13807
13975
14143
14281
14389
14467
15088
14827
13891
14059
14197
14335
14443
14551
15484
15694
14689
12523
14901
15341
14171
15437
15407
14495
13835
14633
14771
16075
16141
10487
2351
6734
2353
6746
6758
6770
2357
2358
2359
2360
2361
6783
14936
2364
2365
15038
15108
2368
2369
2370
6735
2372
6747
6759
6771
7068
2377
2378
2379
2380
2381
14937
2383
2384
15039
15220
2387
2388
8783
8807
9569
9593
8784
8808
9570
9594
14948
14960
15050
15062
15182
15194
15710
15722
8785
8809
9571
9595
8786
8810
9572
9596
14949
14961
15051
15063
15183
15195
15711
15723
5836
5840
5880
5884
5888
11355
11469
11589
11721
11841
11973
2389
2390
2391
2392
2393
2394
2395
2396
2397
2398
2399
2400
2401
2402
2403
2404
2405
2406
2407
2408
2409
2410
2411
2412
2413
2414
2415
2416
2417
2418
2419
2420
2421
2422
2423
2424
2425
2426
2427
2428
2429
2430
2431
2432
2433
11331
2435
2436
2437
2438
2439
2440
11559
2442
2443
2444
2445
2446
2447
2448
11811
2450
2451
2452
2453
2454
2455
15130
9983
9377
10409
6644
6656
6620
6668
6632
6680
15131
15026
14924
14912
9984
6722
10410
15132
9985
9379
10411
6645
6657
6621
6669
6633
6681
15133
15027
14925
14913
9986
6723
10412
15744
11325
11505
15762
11553
11757
15780
11805
12009
8518
9167
6526
6922
7078
6688
10199
10079
10043
10157
7012
10457
10533
10349
10613
13636
13756
16248
12471
12511
12555
12968
13044
13076
12693
12769
12813
13237
12621
12633
12663
13148
13160
13196
12885
12897
12933
2456
2457
2458
2459
2460
2461
2462
2463
2464
2465
2466
2467
2468
8524
2470
10085
2472
10163
10217
10733
10481
10463
10473
10541
10553
16212
10595
10619
2484
2485
15013
16266
2488
2489
2490
2491
14986
16302
2494
12831
2496
2497
16362
2499
2500
13082
16284
2503
2504
2505
2506
2507
10007
2509
2510
2511
9436
2513
10008
2515
10009
2517
2518
2519
9438
2521
10010
2523
2524
6782
10547
6550
7108
6700
6694
6952
9773
9005
9767
8554
9269
10091
2538
2539
10493
10211
10205
2543
2544
2545
2546
2547
2548
2549
10983
16197
10929
10499
10881
2555
10589
2557
10559
2559
2560
2561
2562
2563
2564
16260
12627
12639
2568
2569
2570
2571
2572
2573
12825
2575
13166
12949
2578
2579
2580
2581
2582
2583
13088
13273
13212
2587
13243
2589
2590
2591
2592
2593
2594
11583
2596
2597
15728
2599
2600
2601
2602
2603
12183
12195
2606
2607
2608
2609
11379
10835
11343
11247
12141
2615
12118
11854
11632
11428
11410
2621
11464
11314
2624
12208
2626
2627
2628
2629
2630
2631
2632
2633
2634
2635
2636
2637
2638
2639
2640
2641
2642
2643
2644
2645
2646
2647
2648
2649
2650
2651
2652
2653
2654
2655
2656
2657
2658
2659
2660
2661
2662
2663
2664
2665
2666
2667
2668
2669
2670
2671
2672
2673
2674
2675
2676
2677
2678
2679
2680
2681
2682
2683
2684
2685
2686
2687
2688
2689
2690
2691
2692
2693
2694
2695
2696
2697
2698
2699
2700
2701
2702
2703
2704
2705
2706
2707
2708
2709
2710
2711
2712
2713
2714
2715
2716
2717
2718
2719
2720
2721
2722
2723
2724
2725
2726
2727
2728
2729
2730
2731
2732
2733
2734
2735
2736
2737
2738
2739
2740
2741
2742
2743
2744
2745
2746
2747
2748
2749
2750
2751
2752
9622
2754
2755
2756
2757
2758
9243
2760
2761
2762
9624
2764
2765
2766
2767
2768
2769
2770
2771
2772
2773
2774
2775
2776
2777
2778
2779
2780
2781
2782
2783
2784
2785
2786
2787
2788
2789
2790
2791
2792
2793
2794
2795
2796
2797
2798
2799
2800
2801
2802
2803
2804
2805
2806
2807
2808
2809
2810
2811
2812
2813
2814
2815
2816
2817
2818
2819
2820
2821
2822
2823
2824
2825
2826
2827
2828
2829
2830
5367
5445
5451
5475
5481
5505
5511
5541
5547
10032
16093
10068
10074
10104
10146
10152
16099
10176
10224
10230
16111
12688
12975
13382
13394
13400
13406
13418
13490
13496
13502
13686
13696
13703
13709
13720
13763
5595
5636
6533
5607
2831
5679
5831
5667
2832
2833
2834
5661
5703
5793
5655
8345
5421
5697
2835
2836
5815
5803
5875
5744
5899
5774
2837
8427
5427
2838
2839
2840
2841
2842
2843
2844
2845
2846
11542
2847
11320
11614
12430
11938
2849
2850
2851
11476
11500
11530
2852
11548
11884
2853
11680
2854
2855
2856
2857
11728
11752
11794
2858
11800
11848
2859
11932
2860
2861
2862
2863
11980
12004
11020
12040
2864
2865
12214
11038
12202
12148
12255
10710
10752
10806
2866
11386
11902
11014
10996
10722
9630
10452
10740
10746
10764
9636
10776
10788
10794
10800
10818
10824
10830
10852
10858
6461
10446
10888
10894
10912
10918
10098
6545
10942
10960
10972
5433
6539
8531
10668
11338
10602
8537
12244
9162
9659
9815
9695
9702
9714
9726
9750
9756
9780
9804
5920
9647
5439
9738
9744
8543
8549
6557
9798
2867
11080
11044
11050
11056
11062
11068
11074
11134
11164
11194
11218
11092
11104
11116
11128
11158
11188
11224
9834
9845
9104
8361
8407
8994
9154
8455
8964
9256
2868
6483
6519
6801
6563
6819
6891
6837
6855
7007
15315
15257
15479
15293
15409
15381
15363
15091
9864
9870
9942
9918
9954
16057
16087
10020
10026
10038
16105
10170
10115
2869
9888
10133
9960
10266
10187
9948
10236
10247
2870
9936
2871
10260
10272
10278
5361
16153
5462
5277
5492
5301
5522
5325
5283
2872
5558
5349
5355
2873
5583
5307
5331
5535
5571
10511
10296
10314
10524
10571
10332
10608
16219
10631
10392
10368
11026
10644
10650
10656
10662
11008
10674
10680
10686
10692
10704
10698
10307
10325
10343
10379
13514
13532
13544
13562
13574
13579
13585
13597
13609
13621
13732
16231
13376
13424
13650
13430
13388
13436
13674
13787
16237
13739
13442
13483
13454
13750
13460
13769
13466
16243
13412
13508
16255
12862
13119
12598
12448
12454
12460
12466
12537
12489
12501
12544
12550
12568
12574
12586
12592
12609
12616
12957
12963
13034
12981
12987
13010
13022
13065
13058
13071
13095
13101
13113
13136
13143
12676
12682
12759
12700
12706
12724
12795
12735
12747
12802
12783
12808
12838
12850
12856
12873
12880
13256
13250
13220
13268
13280
13334
13226
13262
13358
13364
13370
12646
12657
12580
12670
16333
13178
13190
13107
13155
13203
16351
12915
12927
12844
12892
12940
16369
9494
7142
7250
7592
7754
7976
8180
8485
8246
7196
8702
8985
9410
8300
9332
9357
5388
9440
9465
7171
7279
7304
7621
7646
7783
7808
8005
8048
8156
8275
8870
5412
10437
13808
13976
14144
14282
14390
14468
14606
14744
13892
14060
14198
14336
14444
14552
14690
14989
15014
14005
14173
14311
14419
14497
13837
14635
14773
16078
16144
16198
7936
9016
9495
7359
7701
7402
7492
8408
7863
7906
8103
8181
8486
8329
7197
8703
8986
9623
7054
9333
9358
5389
9382
9466
7226
7280
7305
7419
7432
7509
7522
7622
7647
7784
7809
7923
8006
8049
8157
9257
8871
6106
5932
6028
6184
6376
6280
6418
6838
6856
6232
6406
6328
6453
5980
7030
6712
5413
6610
5949
6045
6123
6201
6297
6393
13809
13977
14145
14283
14391
14469
15092
14829
13893
14061
14199
14337
14445
14553
15382
15364
14691
12820
14902
15344
14174
15440
15497
14498
13838
14636
14774
16081
16147
16199
9496
7144
7252
7594
7756
7978
8182
8487
8248
7198
8704
8987
9412
8302
9334
9359
5390
9442
9467
7173
7281
7306
7623
7648
7785
7810
8007
8050
8158
8277
8872
5414
10439
13810
13978
14146
14284
14392
14470
14608
14746
13894
14062
14200
14338
14446
14554
14692
14990
15016
14007
14175
14313
14421
14499
13839
14637
14775
16080
16146
16200
7937
9017
9497
7361
7703
7403
7493
8409
7865
7907
8105
8183
8488
8331
7199
8705
8988
9411
7055
9335
9360
5391
9384
9468
7228
7282
7307
7420
7433
7510
7523
7624
7649
7786
7811
7924
8008
8051
8159
9264
8873
6107
5933
6029
6185
6377
6281
6419
6899
6911
6233
6407
6329
6454
5981
7031
6713
5415
6611
5950
6046
6124
6202
6298
6394
13811
13979
14147
14285
14393
14471
15093
14831
13895
14063
14201
14339
14447
14555
15485
15695
14693
12525
14903
15346
14176
15442
15412
14500
13840
14638
14776
16079
16145
10488
2874
6736
2876
6748
6760
6772
2880
2881
2882
2883
2884
6785
14938
2887
2888
15040
15111
2891
2892
2893
6737
2895
6749
6761
6773
7071
2900
2901
2902
2903
2904
14939
2906
2907
15041
15221
2910
2911
8787
8811
9573
9597
8788
8812
9574
9598
14950
14962
15052
15064
15184
15196
15712
15724
8789
8813
9575
9599
8790
8814
9576
9600
14951
14963
15053
15065
15185
15197
15713
15725
5837
5841
5881
5885
5889
11356
11470
11590
11722
11842
11974
2912
2913
2914
2915
2916
2917
2918
2919
2920
2921
2922
2923
2924
2925
2926
2927
2928
2929
2930
2931
2932
2933
2934
2935
2936
2937
2938
2939
2940
2941
2942
2943
2944
2945
2946
2947
2948
2949
2950
2951
2952
2953
2954
2955
2956
11332
2958
2959
2960
2961
2962
2963
11560
2965
2966
2967
2968
2969
2970
2971
11812
2973
2974
2975
2976
2977
2978
15134
9987
9381
10413
6646
6658
6622
6670
6634
6682
15135
15028
14926
14914
9988
6724
10414
15136
9989
9383
10415
6647
6659
6623
6671
6635
6683
15137
15029
14927
14915
9990
6725
10416
15745
11326
11506
15763
11554
11758
15781
11806
12010
8519
9168
6527
6923
7079
6689
10200
10080
10044
10158
7013
10458
10535
10350
10614
13638
13757
16249
12472
12513
12556
12969
13046
13077
12694
12771
12814
13238
12622
12634
12664
13149
13161
13197
12886
12898
12934
2979
2980
2981
2982
2983
2984
2985
2986
2987
2988
2989
2990
2991
8525
2993
10086
2995
10164
10218
10734
10482
10464
10475
10542
10554
16213
10596
10620
3007
3008
15017
16267
3011
3012
3013
3014
14991
16303
3017
12832
3019
3020
16363
3022
3023
13083
16285
3026
3027
3028
3029
3030
10011
3032
3033
3034
9441
3036
10012
3038
10013
3040
3041
3042
9443
3044
10014
3046
3047
6784
10548
6551
7109
6701
6695
6953
9774
9006
9768
8555
9270
10092
3061
3062
10494
10212
10206
3066
3067
3068
3069
3070
3071
3072
10984
16201
10930
10500
10882
3078
10590
3080
10560
3082
3083
3084
3085
3086
3087
16261
12628
12640
3091
3092
3093
3094
3095
3096
12826
3098
13167
12951
3101
3102
3103
3104
3105
3106
13089
13274
13214
3110
13244
3112
3113
3114
3115
3116
3117
11584
3119
3120
15729
3122
3123
3124
3125
3126
12184
12196
3129
3130
3131
3132
11380
10836
11344
11248
12142
5284
5308
5332
16154
16160
3143
3144
3145
5776
5782
3148
9661
9817
3151
3152
3153
3154
3155
3156
3157
3158
3159
3160
3161
16202
10381
10579
10351
16220
3167
3168
3169
3170
3171
3172
3173
3174
3175
3176
3177
3178
3179
3180
3181
3182
3183
3184
3185
3186
3187
3188
3189
3190
3191
16268
16322
3194
3195
3196
3197
3198
3199
16304
3201
3202
3203
3204
3205
3206
3207
3208
16286
3210
3211
3212
3213
3214
3215
13652
3217
3218
3219
3220
3221
13770
6066
5952
5982
6000
6144
6048
6078
6486
6126
6156
15854
6204
6234
6252
15860
6300
6330
6348
6858
6420
15866
15848
6488
15973
15896
15920
15872
15884
15908
15932
15824
7200
7338
7452
7308
7362
7680
7434
7464
7542
7524
7554
8214
7650
7704
7842
7812
7866
8364
7938
8082
8010
8052
8106
8184
8281
8305
8953
8369
16061
3283
8502
8568
8731
8749
9284
8815
8875
8899
9037
9067
9064
9169
9109
9141
9536
3299
9388
10418
9499
15800
9517
9601
15654
13842
13896
13926
15318
14010
14064
14094
15462
14202
14232
14340
15414
15385
15444
14502
14556
14995
14640
14694
14808
14778
14832
14862
3330
15138
15157
15944
15956
16040
16028
16004
15992
16016
15980
6067
5953
5983
6001
6145
6049
6079
6469
6127
6157
6787
6205
6235
6253
6805
6301
6331
6349
6859
6421
6877
7057
6487
6505
15897
15921
15873
15885
15909
15933
15826
7202
7340
7453
7310
7364
7682
7435
7465
7543
7525
7555
8215
7652
7706
7844
7814
7868
8347
7939
8084
8011
8054
8108
8186
8283
8307
8413
8365
15959
3401
8432
8570
8732
8750
9286
8817
8877
8901
9038
9068
9065
9081
9111
9140
9602
13269
9535
10420
9500
15802
9518
9603
15301
13844
13898
13928
15320
14012
14066
14096
15463
14204
14234
14342
15416
15386
15445
14504
14558
14967
14642
14696
14810
14780
14834
14864
3448
15140
15097
15945
15958
16041
16029
16005
15993
16017
15981
9806
3459
3460
3461
3462
3463
3464
3465
3466
3467
3468
3469
3470
3471
3472
3473
3474
5286
5310
5334
16155
16161
3480
3481
3482
5777
5783
3485
9662
9819
3488
3489
3490
3491
3492
3493
3494
3495
3496
3497
3498
16203
10382
10580
10353
16221
3504
3505
3506
3507
3508
3509
3510
3511
3512
3513
3514
3515
3516
3517
3518
3519
3520
3521
3522
3523
3524
12558
16317
3527
3528
16269
16323
3531
16293
3533
3534
3535
3536
16305
16353
16359
3540
3541
16275
3543
3544
3545
16287
16335
16341
3549
3550
3551
3552
13654
3554
3555
3556
3557
3558
3559
13772
6068
5955
5985
6003
6146
6051
6081
6489
6129
6159
15855
6207
6237
6255
15861
6303
6333
6351
6861
6423
15867
15849
6491
6509
15898
15922
15874
15886
15910
15934
15828
7205
7342
7454
7313
7367
7684
7437
7467
7544
7527
7557
8216
7655
7709
7846
7817
7871
8367
7941
8086
8013
8057
8111
8189
8285
8310
8954
8503
8434
3621
15827
8572
8716
8734
8752
9288
8820
8879
8904
9040
9069
9170
9114
9144
9287
3637
9393
10422
9502
15804
9520
9539
15655
13847
13901
13931
15323
14015
14069
14099
15465
14207
14237
14345
15419
15390
15447
14507
14561
14999
14645
14699
14812
14783
14837
14867
3668
15142
15141
15946
15960
16042
16030
16006
15994
16018
15982
6069
5956
5986
6004
6147
6052
6082
6472
6130
6160
6790
6208
6238
6256
6808
6304
6334
6352
6862
6424
6880
7060
6490
6508
15899
15923
15875
15887
15911
15935
15830
7207
7344
7455
7315
7369
7686
7438
7468
7545
7528
7558
8217
7657
7711
7848
7819
7873
8350
7942
8088
8014
8059
8113
8191
8287
8312
8416
8368
15961
3739
8437
8574
8717
8735
8753
9290
8822
8881
8906
9041
9070
9086
9116
9143
9289
13270
9538
10424
9503
15806
9521
9605
15304
13849
13903
13933
15325
14017
14071
14101
15466
14209
14239
14347
15421
15391
15448
14509
14563
14972
14647
14701
14814
14785
14839
14869
3786
15144
15100
15947
15962
16043
16031
16007
15995
16019
15983
3797
3798
3799
3800
3801
3802
3803
3804
3805
3806
3807
3808
3809
3810
3811
3812
3813
3814
3815
3816
3817
3818
3819
3820
3821
3822
5288
5312
5336
16156
16162
3828
3829
3830
5778
5784
3833
5842
3835
5902
5854
3838
15730
16312
3841
3842
9663
9821
3845
3846
3847
3848
3849
3850
3851
3852
3853
3854
3855
16204
10383
10581
10355
16222
3861
3862
3863
3864
3865
3866
3867
3868
3869
3870
3871
3872
3873
3874
3875
3876
3877
3878
3879
3880
3881
12559
16318
3884
3885
16270
16324
3888
16294
3890
3891
3892
3893
16306
16354
16360
3897
3898
16276
3900
3901
3902
16288
16336
16342
3906
3907
3908
3909
13656
3911
3912
3913
3914
3915
3916
13774
6070
5958
5988
6006
6148
6054
6084
6492
6132
6162
15856
6210
6240
6258
15862
6306
6336
6354
6864
6426
15868
15850
6494
6512
15900
15924
15876
15888
15912
15936
15832
7210
7346
7456
7318
7372
7688
7440
7470
7546
7530
7560
8218
7660
7714
7850
7822
7876
8370
7944
8090
8016
8062
8116
8194
8289
8315
8955
8504
8436
3978
15831
8576
8490
8719
8737
8755
9292
8825
8883
8909
9025
9043
9071
9171
9119
9147
9291
3996
9398
10426
9505
15808
9523
9542
15656
13852
13906
13936
15328
14020
14074
14104
15468
14212
14242
14350
15424
15395
15450
14512
14566
15003
14650
14704
14816
14788
14842
14872
4027
15146
15145
15948
15964
16044
16032
16008
15996
16020
15984
6071
5959
5989
6007
6149
6055
6085
6475
6133
6163
6793
6211
6241
6259
6811
6307
6337
6355
6865
6427
6883
7063
6493
6511
15901
15925
15877
15889
15913
15937
15834
7212
7348
7457
7320
7374
7690
7441
7471
7547
7531
7561
8219
7662
7716
7852
7824
7878
8353
7945
8092
8017
8064
8118
8196
8291
8317
8419
8371
15965
4098
8442
8578
8491
8720
8738
8756
9294
8827
8885
8911
9026
9044
9072
9091
9121
9146
9293
13271
9541
10428
9506
15810
9524
9609
15307
13854
13908
13938
15330
14022
14076
14106
15469
14214
14244
14352
15426
15396
15451
14514
14568
14977
14652
14706
14818
14790
14844
14874
4147
15148
15103
15949
15966
16045
16033
16009
15997
16021
15985
4158
4159
4160
4161
4162
4163
4164
4165
4166
4167
4168
4169
4170
4171
4172
4173
4174
4175
4176
5798
5810
5826
5846
5858
5870
5894
5906
5290
5314
5338
16157
16163
4190
4191
4192
5779
5785
4195
5845
4197
5905
5857
4200
15731
16313
4203
4204
9664
9823
4207
4208
4209
4210
4211
4212
4213
4214
4215
4216
4217
16205
10384
10582
10357
16223
4223
4224
4225
4226
4227
4228
4229
4230
4231
4232
4233
4234
4235
4236
4237
4238
4239
4240
4241
4242
4243
12560
16319
4246
4247
16271
16325
4250
16295
4252
4253
4254
4255
16307
16355
4258
4259
4260
16277
4262
4263
4264
16289
16337
16343
4268
4269
4270
4271
13658
4273
4274
4275
4276
4277
4278
13776
6072
5961
5991
6009
6150
6057
6087
6495
6135
6165
15857
6213
6243
6261
15863
6309
6339
6357
6867
6429
15869
15851
6497
6515
15902
15926
15878
15890
15914
15938
15836
7215
7350
7458
7323
7377
7692
7443
7473
7548
7533
7563
8220
7665
7719
7854
7827
7881
8373
7947
8094
8019
8067
8121
8199
8293
8320
8956
8505
8441
4340
15835
8580
8493
8722
8740
8758
9296
8830
8887
8914
9028
9046
9055
9073
9172
9124
9150
9295
4359
9403
10430
9508
15812
9526
9545
15657
13857
13911
13941
15333
14025
14079
14109
15471
14217
14247
14355
15429
15400
15453
14517
14571
15007
14655
14709
14820
14793
14847
14877
4390
15150
15149
15950
15968
16046
16034
16010
15998
16022
15986
6073
5962
5992
6010
6151
6058
6088
6478
6136
6166
6796
6214
6244
6262
6814
6310
6340
6358
6868
6430
6886
7066
6496
6514
15903
15927
15879
15891
15915
15939
15838
7217
7352
7459
7325
7379
7694
7444
7474
7549
7534
7564
8221
7667
7721
7856
7829
7883
8356
7948
8096
8020
8069
8123
8201
8295
8322
8422
8374
15969
4461
8447
8582
8494
8723
8741
8759
9298
8832
8889
8916
9029
9047
9056
9074
9096
9126
9149
9297
12902
9544
10432
9509
15814
9527
9613
15310
13859
13913
13943
15335
14027
14081
14111
15472
14219
14249
14357
15431
15401
15454
14519
14573
14982
14657
14711
14822
14795
14849
14879
4511
15152
15106
15951
15970
16047
16035
16011
15999
16023
15987
4522
4523
4524
4525
4526
4527
4528
4529
4530
4531
4532
4533
4534
4535
4536
4537
4538
4539
4540
5801
5813
5829
5849
5861
5873
5897
5909
5292
5316
5340
16158
16164
4554
4555
4556
5780
5786
4559
5848
4561
5908
5860
4564
15732
16314
4567
4568
9665
9825
4571
4572
4573
4574
4575
4576
4577
4578
16122
4580
4581
16206
10385
10583
10359
16224
4587
4588
4589
4590
4591
4592
4593
4594
4595
4596
4597
4598
4599
4600
4601
4602
4603
4604
4605
4606
4607
12561
16320
4610
4611
16272
16326
4614
16296
4616
4617
4618
4619
16308
16356
4622
4623
4624
16278
4626
4627
4628
16290
16338
16344
4632
4633
4634
4635
13660
4637
4638
4639
4640
4641
4642
13778
6074
5964
5994
6012
6152
6060
6090
6498
6138
6168
15858
6216
6246
6264
15864
6312
6342
6360
6870
6432
15870
15852
6500
6518
15904
15928
15880
15892
15916
15940
15840
7220
7354
7460
7328
7382
7696
7446
7476
7550
7536
7566
8222
7670
7724
7858
7832
7886
8376
7950
8098
8022
8072
8126
8204
8297
8325
8957
8506
8446
4704
15839
8584
8496
8725
8743
8761
16077
8835
8891
8919
9031
9049
9058
9075
9173
9129
9153
9299
4723
9408
10434
9511
15816
9529
9548
15658
13862
13916
13946
15338
14030
14084
14114
15474
14222
14252
14360
15434
15405
15456
14522
14576
15011
14660
14714
14824
14798
14852
14882
4754
15154
15153
15952
15972
16048
16036
16012
16000
16024
15988
6075
5965
5995
6013
6153
6061
6091
6481
6139
6169
6799
6217
6247
6265
6817
6313
6343
6361
6871
6433
6889
7069
6499
6517
15905
15929
15881
15893
15917
15941
15842
7222
7356
7461
7330
7384
7698
7447
7477
7551
7537
7567
8223
7672
7726
7860
7834
7888
8359
7951
8100
8023
8074
8128
8206
8299
8327
8425
8377
8405
4825
8452
8586
8497
8726
8744
8762
15843
8837
8893
8921
9032
9050
9059
9076
9101
9131
9152
9301
12903
9547
10436
9512
15818
9530
9617
15313
13864
13918
13948
15340
14032
14086
14116
15475
14224
14254
14362
15436
15406
15457
14524
14578
14987
14662
14716
14826
14800
14854
14884
4875
15156
15109
15953
15974
16049
16037
16013
16001
16025
15989
4886
4887
4888
4889
4890
4891
4892
4893
4894
4895
4896
4897
4898
4899
4900
4901
4902
4903
4904
5796
5808
5823
5843
5856
5867
5891
5903
4913
5294
5318
5342
16159
16165
4919
4920
4921
5781
5787
5804
5816
5832
5852
5864
5876
5900
5912
4932
9852
9666
9827
4936
4937
4938
4939
4940
4941
4942
4943
16123
4945
4946
16207
10386
10584
10361
16225
4952
4953
4954
4955
4956
4957
4958
4959
4960
4961
4962
4963
4964
4965
4966
4967
4968
4969
4970
4971
4972
12562
16321
4975
4976
16273
16327
4979
16297
4981
4982
4983
4984
16309
16357
4987
4988
4989
16279
4991
4992
4993
16291
16339
16345
4997
4998
4999
5000
13662
5002
5003
5004
5005
5006
5007
13780
6076
5967
5997
6015
6154
6063
6093
6501
6141
6171
15859
6219
6249
6267
15865
6315
6345
6363
6873
6435
15871
15853
6503
15977
15906
15930
15882
15894
15918
15942
15844
7225
7358
7462
7333
7387
7700
7449
7479
7552
7539
7569
8224
7675
7729
7862
7837
7891
8379
7953
8102
8025
8077
8131
8209
8301
8330
8363
8507
15788
5069
15792
8588
8499
8728
8707
8746
8764
9304
8840
8895
8924
9034
9052
9061
9077
9174
9134
9156
9303
5089
9413
10438
9514
15820
9532
9551
15659
13867
13921
13951
15343
14035
14089
14119
15477
14227
14257
14365
15439
15410
15459
14527
14581
15015
14665
14719
14828
14803
14857
14887
5120
15158
15161
15954
15976
16050
16038
16014
16002
16026
15990
6077
5968
5998
6016
6155
6064
6094
6484
6142
6172
6802
6220
6250
6268
6820
6316
6346
6364
6874
6436
6892
7072
6502
6520
15907
15931
15883
15895
15919
15943
15846
7227
7360
7463
7335
7389
7702
7450
7480
7553
7540
7570
8225
7677
7731
7864
7839
7893
8362
7954
8104
8026
8079
8133
8211
8303
8332
8428
8380
8410
5191
8457
8590
8500
8729
8709
8747
8765
9306
8842
8897
8926
9035
9053
9062
9078
9106
9136
9155
9305
12904
9550
10440
9515
15822
9533
9621
15316
13869
13923
13953
15345
14037
14091
14121
15478
14229
14259
14367
15441
15411
15460
14529
14583
14992
14667
14721
14830
14805
14859
14889
5242
15160
15112
15955
15978
16051
16039
16015
16003
16027
15991
5253
5254
5255
5256
5257
5258
5259
5260
5261
5262
5263
5264
5265
5266
5267
5268
8459
5270
5271
